<!doctype HTML>
<meta charset = 'utf-8'>
<html>
  <head>
    
    <script src='http://ramnathv.github.io/rCharts/libraries/widgets/polycharts/js/polychart2.standalone.js' type='text/javascript'></script>
    
    <style>
    .rChart {
      display: block;
      margin-left: auto; 
      margin-right: auto;
      width: 1000px;
      height: 450px;
    }  
    </style>
    
  </head>
  <body>
    <div id='chart1bb033ea5d41' class='rChart polycharts'></div>  
    
    <script type='text/javascript'>
    var chartParams = {
 "dom": "chart1bb033ea5d41",
"width":   1000,
"height":    450,
"layers": [
 {
 "x": "Variable1",
"y": "Variable2",
"data": {
 "Variable1": [ "ViolentCrime", "MurderNonNegligentManslaughter", "ForcibleRape", "Robbery", "AggravatedAssault", "PropertyCrime", "Burglary", "LarcenyTheft", "MotorVehicleTheft", "ViolentCrime", "MurderNonNegligentManslaughter", "ForcibleRape", "Robbery", "AggravatedAssault", "PropertyCrime", "Burglary", "LarcenyTheft", "MotorVehicleTheft", "ViolentCrime", "MurderNonNegligentManslaughter", "ForcibleRape", "Robbery", "AggravatedAssault", "PropertyCrime", "Burglary", "LarcenyTheft", "MotorVehicleTheft", "ViolentCrime", "MurderNonNegligentManslaughter", "ForcibleRape", "Robbery", "AggravatedAssault", "PropertyCrime", "Burglary", "LarcenyTheft", "MotorVehicleTheft", "ViolentCrime", "MurderNonNegligentManslaughter", "ForcibleRape", "Robbery", "AggravatedAssault", "PropertyCrime", "Burglary", "LarcenyTheft", "MotorVehicleTheft", "ViolentCrime", "MurderNonNegligentManslaughter", "ForcibleRape", "Robbery", "AggravatedAssault", "PropertyCrime", "Burglary", "LarcenyTheft", "MotorVehicleTheft", "ViolentCrime", "MurderNonNegligentManslaughter", "ForcibleRape", "Robbery", "AggravatedAssault", "PropertyCrime", "Burglary", "LarcenyTheft", "MotorVehicleTheft", "ViolentCrime", "MurderNonNegligentManslaughter", "ForcibleRape", "Robbery", "AggravatedAssault", "PropertyCrime", "Burglary", "LarcenyTheft", "MotorVehicleTheft", "ViolentCrime", "MurderNonNegligentManslaughter", "ForcibleRape", "Robbery", "AggravatedAssault", "PropertyCrime", "Burglary", "LarcenyTheft", "MotorVehicleTheft" ],
"Variable2": [ "ViolentCrime", "ViolentCrime", "ViolentCrime", "ViolentCrime", "ViolentCrime", "ViolentCrime", "ViolentCrime", "ViolentCrime", "ViolentCrime", "MurderNonNegligentManslaughter", "MurderNonNegligentManslaughter", "MurderNonNegligentManslaughter", "MurderNonNegligentManslaughter", "MurderNonNegligentManslaughter", "MurderNonNegligentManslaughter", "MurderNonNegligentManslaughter", "MurderNonNegligentManslaughter", "MurderNonNegligentManslaughter", "ForcibleRape", "ForcibleRape", "ForcibleRape", "ForcibleRape", "ForcibleRape", "ForcibleRape", "ForcibleRape", "ForcibleRape", "ForcibleRape", "Robbery", "Robbery", "Robbery", "Robbery", "Robbery", "Robbery", "Robbery", "Robbery", "Robbery", "AggravatedAssault", "AggravatedAssault", "AggravatedAssault", "AggravatedAssault", "AggravatedAssault", "AggravatedAssault", "AggravatedAssault", "AggravatedAssault", "AggravatedAssault", "PropertyCrime", "PropertyCrime", "PropertyCrime", "PropertyCrime", "PropertyCrime", "PropertyCrime", "PropertyCrime", "PropertyCrime", "PropertyCrime", "Burglary", "Burglary", "Burglary", "Burglary", "Burglary", "Burglary", "Burglary", "Burglary", "Burglary", "LarcenyTheft", "LarcenyTheft", "LarcenyTheft", "LarcenyTheft", "LarcenyTheft", "LarcenyTheft", "LarcenyTheft", "LarcenyTheft", "LarcenyTheft", "MotorVehicleTheft", "MotorVehicleTheft", "MotorVehicleTheft", "MotorVehicleTheft", "MotorVehicleTheft", "MotorVehicleTheft", "MotorVehicleTheft", "MotorVehicleTheft", "MotorVehicleTheft" ],
"CorrelationCoefficient": [      1, 0.67103, 0.28312, 0.6867, 0.96332, 0.53273, 0.5275, 0.40733, 0.47334, 0.67103,      1, -0.010624, 0.60882, 0.59374, 0.51944, 0.62512, 0.3614, 0.31651, 0.28312, -0.010624,      1, -0.25492, 0.36582, 0.090013, -0.031123, 0.13834, 0.10975, 0.6867, 0.60882, -0.25492,      1, 0.47718, 0.33241, 0.39907, 0.17028,  0.459, 0.96332, 0.59374, 0.36582, 0.47718,      1, 0.53224, 0.50821, 0.43665, 0.3992, 0.53273, 0.51944, 0.090013, 0.33241, 0.53224,      1, 0.84556, 0.93116, 0.57891, 0.5275, 0.62512, -0.031123, 0.39907, 0.50821, 0.84556,      1, 0.6223, 0.42031, 0.40733, 0.3614, 0.13834, 0.17028, 0.43665, 0.93116, 0.6223,      1, 0.4235, 0.47334, 0.31651, 0.10975,  0.459, 0.3992, 0.57891, 0.42031, 0.4235,      1 ] 
},
"facet": null,
"color": "CorrelationCoefficient",
"type": "tile",
"height":    600 
} 
],
"facet": [],
"guides": {
 "color": {
 "scale": {
 "type": "gradient2",
"lower": "red",
"middle": "white",
"upper": "blue",
"midpoint": 0 
} 
},
"y": {
 "numticks": 9 
} 
},
"coord": [],
"id": "chart1bb033ea5d41" 
}
    _.each(chartParams.layers, function(el){
        el.data = polyjs.data(el.data)
    })
    var graph_chart1bb033ea5d41 = polyjs.chart(chartParams);
</script>
    
  </body>
</html>
